301  01  03  101  301  01  04  101
301  01  03  102  301  01  04  102
301  01  03  103  301  01  04  103
301  01  03  104  301  01  04  105
301  01  03  105  301  01  04  106
301  01  03  106  301  01  04  108
301  01  03  107  301  01  04  204
301  01  03  108  301  01  04  203
301  01  03  109  301  01  04  104
301  01  03  110  301  01  04  109
301  01  03  111  301  01  04  107
301  01  03  112  301  01  04  110
301  01  03  202  301  01  04  205
301  01  03  203  301  01  04  201
301  01  03  204  301  01  04  211
301  01  03  205  301  01  04  207
301  01  03  206  301  01  04  208
301  01  03  207  301  01  04  206
301  01  03  208  301  01  04  309
301  01  03  209  301  01  04  209
301  01  03  301  301  01  04  301
301  01  03  302  301  01  04  302
301  01  03  303  301  01  04  306
301  01  03  304  301  01  04  307
301  01  03  305  301  01  04  304
301  01  03  306  301  01  04  401
301  01  03  307  301  01  04  303
301  01  03  308  301  01  04  308
301  01  03  309  301  01  04  305
301  01  03  310  301  01  04  310
301  01  03  401  301  01  04  403
301  01  03  405  301  01  04  407
301  01  03  407  301  01  04  404
301  01  03  410  301  01  04  407
301  02  03  102  301  02  04  102
301  02  03  103  301  02  04  105
301  02  03  104  301  02  04  106
301  02  03  105  301  02  04  108
301  02  03  106  301  02  04  110
301  02  03  107  301  02  04  103
301  02  03  108  301  02  04  104
301  02  03  109  301  02  04  203
301  02  03  110  301  02  04  107
301  02  03  111  301  02  04  109
301  02  03  201  301  02  04  201
301  02  03  202  301  02  04  202
301  02  03  203  301  02  04  204
301  02  03  204  301  02  04  208
301  02  03  205  301  02  04  206
301  02  03  206  301  02  04  211
301  02  03  207  301  02  04  205
301  02  03  208  301  02  04  210
301  02  03  209  301  02  04  209
301  02  03  210  301  02  04  307
301  02  03  211  301  02  04  207
301  02  03  301  301  02  04  301
301  02  03  302  301  02  04  303
301  02  03  304  301  02  04  405
301  02  03  305  301  02  04  305
301  02  03  306  301  02  04  309
301  02  03  307  301  02  04  302
301  02  03  308  301  02  04  303
301  02  03  310  301  02  04  406
301  02  03  312  301  02  04  306
301  02  03  402  301  02  04  403
301  02  03  403  301  02  04  407
301  02  03  407  301  02  04  404
301  02  03  409  301  02  04  308
301  04  03  101  301  04  04  101
301  04  03  102  301  04  04  102
301  04  03  103  301  04  04  103
301  04  03  104  301  04  04  104
301  04  03  105  301  04  04  105
301  04  03  106  301  04  04  106
301  04  03  107  301  04  04  107
301  04  03  108  301  04  04  108
301  04  03  109  301  04  04  111
301  04  03  110  301  04  04  110
301  04  03  110  301  04  04  207
301  04  03  111  301  04  04  109
301  04  03  201  301  04  04  201
301  04  03  202  301  04  04  202
301  04  03  203  301  04  04  203
301  04  03  204  301  04  04  204
301  04  03  205  301  04  04  206
301  04  03  206  301  04  04  208
301  04  03  207  301  04  04  205
303  01  01  001  303  01  03  103
303  01  01  002  303  01  03  109
303  01  01  003  303  01  03  104
303  01  01  005  303  01  03  207
303  01  01  010  303  01  03  204
303  01  03  103  303  01  04  103
303  01  03  104  303  01  04  104
303  01  03  109  303  01  04  109
303  01  03  204  303  01  04  204
303  01  03  207  303  01  04  207
303  02  01  061  303  02  03  102
303  02  01  064  303  02  03  202
303  02  01  065  303  02  03  201
303  02  01  066  303  02  03  207
303  02  01  067  303  02  03  304
303  02  01  071  303  02  03  301
303  02  01  073  303  02  03  302
303  02  03  102  303  02  04  102
303  02  03  201  303  02  04  201
303  02  03  202  303  02  04  202
303  02  03  207  303  02  04  207
303  02  03  301  303  02  04  301
303  02  03  302  303  02  04  302
303  02  03  304  303  02  04  304
303  03  01  097  303  03  03  101
303  03  01  098  303  03  03  107
303  03  01  103  303  03  03  208
303  03  01  104  303  03  03  205
303  03  01  107  303  03  03  307
303  03  01  110  303  03  03  406
303  03  01  112  303  03  03  502
303  03  03  101  303  03  04  101
303  03  03  107  303  03  04  107
303  03  03  205  303  03  04  205
303  03  03  208  303  03  04  208
303  03  03  307  303  03  04  307
303  03  03  406  303  03  04  406
303  03  03  502  303  03  04  502
303  04  03  102  303  04  04  102
303  04  03  106  303  04  04  106
303  04  03  107  303  04  04  107
303  04  03  109  303  04  04  109
303  04  03  110  303  04  04  105
303  04  03  112  303  04  04  108
303  04  03  201  303  04  04  201
303  04  03  203  303  04  04  203
303  04  03  204  303  04  04  204
303  04  03  205  303  04  04  205
303  04  03  206  303  04  04  206
303  04  03  207  303  04  04  207
303  04  03  209  303  04  04  209
303  04  03  211  303  04  04  208
303  04  03  301  303  04  04  301
303  04  03  302  303  04  04  302
303  04  03  303  303  04  04  303
303  04  03  305  303  04  04  305
303  04  03  306  303  04  04  306
303  04  03  401  303  04  04  401
303  04  03  402  303  04  04  402
303  04  03  403  303  04  04  403
303  04  03  404  303  04  04  404
303  04  03  405  303  04  04  405
303  04  03  408  303  04  04  408
303  04  03  409  303  04  04  409
303  04  03  410  303  04  04  406
303  04  03  411  303  04  04  407
303  04  03  501  303  04  04  501
303  04  03  502  303  04  04  502
303  04  03  503  303  04  04  503
303  04  03  506  303  04  04  506
303  04  03  507  303  04  04  507
303  04  03  508  303  04  04  505
303  04  03  999  303  04  04  999
306  01  02  301  306  01  03  301
306  01  02  302  306  01  03  306
306  01  02  306  306  01  03  303
306  01  02  307  306  01  03  307
306  01  02  403  306  01  03  401
306  01  02  406  306  01  03  503
306  01  02  407  306  01  03  405
306  01  02  505  306  01  03  504
306  01  03  301  306  01  04  313
306  01  03  303  306  01  04  315
306  01  03  306  306  01  04  323
306  01  03  307  306  01  04  314
306  01  03  401  306  01  04  412
306  01  03  405  306  01  04  422
306  01  03  503  306  01  04  511
306  01  03  503  306  01  04  523
306  01  03  504  306  01  04  521
307  01  02  103  307  01  03  103
307  01  02  104  307  01  03  106
307  01  02  202  307  01  03  114
307  01  02  204  307  01  03  213
307  01  02  205  307  01  03  206
307  01  02  206  307  01  03  110
307  01  02  209  307  01  03  203
307  01  02  210  307  01  03  212
307  01  02  212  307  01  03  301
307  01  02  301  307  01  03  209
307  01  02  302  307  01  03  306
307  01  02  303  307  01  03  310
307  01  02  304  307  01  03  309
307  01  02  305  307  01  03  303
307  01  02  306  307  01  03  302
307  01  02  307  307  01  03  211
307  01  02  308  307  01  03  405
307  01  02  309  307  01  03  207
307  01  02  310  307  01  03  308
307  01  02  311  307  01  03  307
307  01  02  313  307  01  03  304
307  01  02  401  307  01  03  205
308  01  02  102  308  01  03  102
308  01  02  103  308  01  03  103
308  01  02  104  308  01  03  104
308  01  02  106  308  01  03  106
308  01  02  201  308  01  03  209
308  01  02  202  308  01  03  207
308  01  02  203  308  01  03  203
308  01  02  204  308  01  03  205
308  01  02  205  308  01  03  303
308  01  02  206  308  01  03  204
308  01  02  208  308  01  03  202
308  01  02  209  308  01  03  301
308  01  02  210  308  01  03  107
308  01  02  211  308  01  03  206
308  01  02  301  308  01  03  308
308  01  02  302  308  01  03  302
308  01  02  305  308  01  03  305
308  01  02  306  308  01  03  307
308  01  02  401  308  01  03  504
308  01  02  402  308  01  03  503
308  01  02  406  308  01  03  409
308  01  02  407  308  01  03  405
308  01  02  410  308  01  03  402
308  01  02  414  308  01  03  408
308  01  02  417  308  01  03  407
308  01  02  419  308  01  03  402
308  01  02  501  308  01  03  505
308  01  02  502  308  01  03  506
308  01  02  503  308  01  03  402
309  01  02  101  309  01  04  107
309  01  02  102  309  01  04  103
309  01  02  103  309  01  04  201
309  01  02  104  309  01  04  106
309  01  02  105  309  01  04  101
309  01  02  106  309  01  04  101
309  01  02  107  309  01  04  206
309  01  02  108  309  01  04  108
309  01  02  201  309  01  04  203
309  01  02  202  309  01  04  105
309  01  02  203  309  01  04  202
309  01  02  204  309  01  04  104
309  01  02  205  309  01  04  204
309  01  02  207  309  01  04  102
309  01  02  301  309  01  04  402
309  01  02  302  309  01  04  303
309  01  02  304  309  01  04  302
309  01  02  306  309  01  04  305
309  01  02  307  309  01  04  404
309  01  02  401  309  01  04  304
309  01  02  402  309  01  04  403
309  01  02  404  309  01  04  401
309  02  02  101  309  02  04  107
309  02  02  102  309  02  04  103
309  02  02  103  309  02  04  201
309  02  02  104  309  02  04  106
309  02  02  105  309  02  04  101
309  02  02  106  309  02  04  101
309  02  02  107  309  02  04  206
309  02  02  108  309  02  04  108
309  02  02  201  309  02  04  203
309  02  02  202  309  02  04  105
309  02  02  203  309  02  04  202
309  02  02  204  309  02  04  104
309  02  02  205  309  02  04  204
309  02  02  208  309  02  04  102
309  02  02  301  309  02  04  301
309  02  02  302  309  02  04  302
309  02  02  303  309  02  04  304
309  02  02  305  309  02  04  406
309  02  02  306  309  02  04  403
309  02  02  401  309  02  04  401
309  02  02  402  309  02  04  405
309  02  02  403  309  02  04  303
309  02  02  404  309  02  04  402
309  03  02  101  309  03  04  107
309  03  02  102  309  03  04  103
309  03  02  103  309  03  04  201
309  03  02  104  309  03  04  106
309  03  02  105  309  03  04  101
309  03  02  106  309  03  04  101
309  03  02  107  309  03  04  205
309  03  02  108  309  03  04  108
309  03  02  201  309  03  04  203
309  03  02  202  309  03  04  105
309  03  02  203  309  03  04  202
309  03  02  204  309  03  04  104
309  03  02  205  309  03  04  204
309  03  02  301  309  03  04  404
309  03  02  302  309  03  04  301
309  03  02  303  309  03  04  305
309  03  02  304  309  03  04  302
309  03  02  306  309  03  04  304
309  03  02  309  309  03  04  303
309  03  02  401  309  03  04  401
309  03  02  402  309  03  04  403
309  03  02  403  309  03  04  402
309  03  02  404  309  03  04  406
309  03  02  405  309  03  04  306
310  02  03  101  310  02  04  105
310  02  03  102  310  02  04  106
310  02  03  107  310  02  04  104
310  02  03  108  310  02  04  108
310  02  03  113  310  02  04  109
310  02  03  205  310  02  04  204
310  02  03  206  310  02  04  203
310  02  03  207  310  02  04  303
310  02  03  303  310  02  04  305
310  02  03  306  310  02  04  302
310  02  03  401  310  02  04  402
310  02  03  402  310  02  04  407
310  02  03  403  310  02  04  403
310  02  03  404  310  02  04  405
310  02  03  405  310  02  04  404
310  16  03  101  310  16  04  101
310  16  03  102  310  16  04  102
310  16  03  103  310  16  04  104
310  16  03  104  310  16  04  105
310  16  03  106  310  16  04  107
310  16  03  107  310  16  04  103
310  16  03  108  310  16  04  109
310  16  03  201  310  16  04  202
310  16  03  202  310  16  04  204
310  16  03  203  310  16  04  203
310  16  03  205  310  16  04  205
311  01  03  102  311  01  04  101
311  01  03  103  311  01  04  203
311  01  03  104  311  01  04  102
311  01  03  105  311  01  04  107
311  01  03  107  311  01  04  110
311  01  03  108  311  01  04  202
311  01  03  110  311  01  04  104
311  01  03  111  311  01  04  108
311  01  03  112  311  01  04  106
311  01  03  113  311  01  04  109
311  01  03  114  311  01  04  207
311  01  03  201  311  01  04  206
311  01  03  202  311  01  04  205
311  01  03  203  311  01  04  204
311  01  03  204  311  01  04  303
311  01  03  205  311  01  04  301
311  01  03  206  311  01  04  304
311  01  03  207  311  01  04  103
311  01  03  208  311  01  04  302
311  01  03  301  311  01  04  402
311  01  03  302  311  01  04  405
311  01  03  303  311  01  04  406
311  01  03  304  311  01  04  403
311  01  03  305  311  01  04  407
311  01  03  306  311  01  04  408
311  01  03  307  311  01  04  404
311  01  03  308  311  01  04  401
